#x y
-5 1
-4.9 0.9
-4.8 0.825262
-4.7 0.766975
-4.6 0.718956
-4.5 0.676887
-4.4 0.63777
-4.3 0.599553
-4.2 0.56086
-4.1 0.520802
-4 0.478853
-3.9 0.434745
-3.8 0.38841
-3.7 0.339926
-3.6 0.289482
-3.5 0.237355
-3.4 0.183884
-3.3 0.129459
-3.2 0.0745072
-3.1 0.0194802
-3 -0.0351533
-2.9 -0.0889164
-2.8 -0.141331
-2.7 -0.191923
-2.6 -0.240233
-2.5 -0.285817
-2.4 -0.328253
-2.3 -0.367148
-2.2 -0.402139
-2.1 -0.432902
-2 -0.459151
-1.9 -0.480642
-1.8 -0.497178
-1.7 -0.50861
-1.6 -0.514835
-1.5 -0.515806
-1.4 -0.511523
-1.3 -0.50204
-1.2 -0.487459
-1.1 -0.467935
-1 -0.44367
-0.9 -0.414913
-0.8 -0.381957
-0.7 -0.345138
-0.6 -0.304827
-0.5 -0.261431
-0.4 -0.215389
-0.3 -0.167163
-0.2 -0.117239
-0.1 -0.0661181
-1.02696e-15 -0.0143137
0.1 0.0376542
0.2 0.0892643
0.3 0.139999
0.4 0.18935
0.5 0.236823
0.6 0.281941
0.7 0.324254
0.8 0.363336
0.9 0.398797
1 0.430281
1.1 0.457473
1.2 0.4801
1.3 0.497937
1.4 0.510803
1.5 0.51857
1.6 0.52116
1.7 0.518547
1.8 0.510756
1.9 0.497865
2 0.480002
2.1 0.457345
2.2 0.430121
2.3 0.398602
2.4 0.363101
2.5 0.323974
2.6 0.281612
2.7 0.236437
2.8 0.188901
2.9 0.139479
3 0.0886639
3.1 0.0369639
3.2 -0.0151047
3.3 -0.0670217
3.4 -0.118268
3.5 -0.168333
3.6 -0.216715
3.7 -0.262931
3.8 -0.30652
3.9 -0.347045
4 -0.384103
4.1 -0.417322
4.2 -0.446372
4.3 -0.470961
4.4 -0.490845
4.5 -0.505824
4.6 -0.515748
4.7 -0.52052
4.8 -0.52009
4.9 -0.514463
5 -0.503697
