#x y y_actual
0.000000 1.000000 1.000000
0.025000 0.950000 0.951230
0.050000 0.902500 0.904839
0.075000 0.857378 0.860715
0.100000 0.814518 0.818751
0.125000 0.773813 0.778848
0.150000 0.735160 0.740912
0.175000 0.698465 0.704853
0.200000 0.663636 0.670588
0.225000 0.630588 0.638037
0.250000 0.599240 0.607123
0.275000 0.569515 0.577775
0.300000 0.541339 0.549923
0.325000 0.514643 0.523502
0.350000 0.489359 0.498448
0.375000 0.465423 0.474702
0.400000 0.442775 0.452205
0.425000 0.421355 0.430901
0.450000 0.401107 0.410738
0.475000 0.381978 0.391663
0.500000 0.363916 0.373628
0.525000 0.346869 0.356584
0.550000 0.330792 0.340486
0.575000 0.315637 0.325290
0.600000 0.301360 0.310953
0.625000 0.287918 0.297434
0.650000 0.275271 0.284694
0.675000 0.263379 0.272694
0.700000 0.252203 0.261399
0.725000 0.241707 0.250772
0.750000 0.231857 0.240780
0.775000 0.222617 0.231390
0.800000 0.213956 0.222571
0.825000 0.205843 0.214292
0.850000 0.198247 0.206524
0.875000 0.191139 0.199240
0.900000 0.184492 0.192412
0.925000 0.178280 0.186015
0.950000 0.172478 0.180025
0.975000 0.167060 0.174417
1.000000 0.162003 0.169169